42431130
37392763
37211248
22948884
42969970
53087525
65021505
89796918
89255519
26118093
59977182
79067502
81955276
19572292
62164476
52678032
15688456
26576170
71268743
94241400
66327863
47357226
54462913
90411243
28515241
30146030
14307458
30917387
63298246
26356730
16510756
10472430
98291085
73748217
74177727
19835212
80708093
11490713
58781164
93362379
42168065
66299823
92412737
85593975
24700534
96002807
15016935
77470157
59748443
58627193
77524440
56205558
33764756
96977160
42564410
93204059
12028261
74626003
52025897
85722819
96327552
31426601
69809094
29650794
61992798
55329719
27183775
12669499
82682390
32967501
63641453
46910429
43427573
53273733
92080986
64582460
35090625
72112093
27218200
18812594
76661403
90257142
64337807
32912593
90714109
83536744
98500398
24774479
72523747
15877696
70829923
30513295
34986759
96924823
69048229
53643976
64945476
17173328
14029870
27501140
19077532
17010029
72934983
15141911
57162709
70863246
67545275
27552522
86742846
94308104
82207597
70324451
30294031
10512670
73308806
24557795
93930606
76755679
67330246
55111228
71234958
96135323
71222652
17042332
37582322
81617923
98476433
66749402
15142352
71198172
36226238
89446672
99459168
23890525
60473442
11136627
29056433
88001373
88035027
68656721
10012923
88349904
26464803
59046778
96477093
66716447
40455741
49901630
33178035
49005021
32540755
25945481
55290299
47772600
44562342
77629441
39942284
47734996
35992740
79730610
71028070
85539030
63945529
54559029
77186291
68766324
51028741
38471308
92807006
96791881
36230212
65896996
93660929
22325342
56774046
99253589
60768210
99242999
37126774
51523785
80204536
22581745
16918492
79920331
29563398
92912293
40195866
45887978
29601766
18569379
68046189
78479943
17539793
15263374
76016209
69676668
62401269
49662377
28610122
46825991
40184654
29226780
38590150
46673693
49900488
30881948
93482894
42282305
92974359
21643731
47997183
70530323
34821675
51524181
78571511
47187843
13812673
83561553
42303416
28399493
95345174
79595987
21586405
86546417
60520118
18263347
90356266
55313659
28761587
26308510
96386553
35705290
53702386
80551486
71656431
44034230
24405088
57862921
64685141
34089891
75585730
17312675
68784193
49280245
68395881
95789425
66252253
80738095
64803459
46874815
19601358
14576509
17856760
31277816
39241064
22518347
22129065
47452107
55180099
45866206
97641294
73266340
62900788
16324031
66996510
63340159
83878186
35217806
18117643
46065842
37891067
39420399
96980452
32444137
67896410
39902866
35969819
19465788
77674590
17297440
82711018
68758619
96477882
95814507
58778037
67945963
33411575
77993241
81563993
18955047
97700189
85577134
26455960
62495569
32785913
11858633
42741866
67160352
50972565
44839938
53030984
42733674
21999243
93290694
47653955
47581613
99491605
42676800
29905387
58545005
12650494
95247509
18818688
14891518
32542629
72206781
44705986
96841248
98953593
55584741
18069137
69975036
74019696
40893857
81750953
97220771
22539109
37487794
37746007
42182056
74340011
20140488
92538842
49918813
83465959
95470518
15218224
42228557
80793241
99020956
88899329
68152706
64897212
93136007
22493732
43303923
58292577
19331680
27330302
78529856
67661164
42372765
36201226
30016596
91408380
56760895
60946741
17866718
54241081
90636852
35261366
48031529
95160894
14082165
18323588
38001802
23992992
81327952
84269945
67314802
97561887
99100992
35398145
85876515
54717950
15886848
19201029
63325055
39762876
41278717
62904546
80447092
70830860
84656693
28830077
27663347
82678143
88013978
40513833
49773968
18741441
61933510
13884542
60638720
21932431
22996337
37381208
60027094
59002108
54525867
30133613
48239850
10286249
87497848
15119193
60416095
98932974
39157775
17916447
98039134
19435753
12759654
64424969
83984711
77693408
32162786
38348059
33212379
97079541
55085904
29675100
39442054
35109438
79503391
11483985
36940894
22939498
80708652
81566201
71457721
48460402
44312230
25153678
86390360
96036318
45489297
22470107
56012864
12270641
89937638
49827125
14282281
41924467
85353559
35044759
29726608
26609497
28138543
98862174
91754599
38585746
18064344
96751517
19656557
77325616
68002806
96475294
46915480
74870065
41569526
22163757
11677098
67528465
42062148
43436530
69972367
42294786
38309254
58766716
32202401
16735990
46417047
81011234
23801204
23484713
34795721
61869074
36151324
45814016
50536603
84044673
31762676
62522891
14924823
37569150
79128970
20676778
44369995
13598304
96981674
51951819
18219233
97166174
38524934
35872721
51684957
79018685
93315088
83109875
62290468
98594834
16324725
53122051
98750731
40498530
57785667
31854898
79856338
78229342
62844664
98423974
90099182
26937230
30347726
54329565
60566590
86283775
13349213
58858411
40351100
82477001
33334109
78930894
42947386
87569674
73764527
20858748
64273825
33202848
24087480
46090813
82241336
43744518
65292492
70294314
72791087
45760391
25636967
87725908
23941969
84183611
20190548
49012337
81757653
46243588
69479557
92404657
99699012
95248564
38525842
42900015
48005889
45316044
39325649
61760514
23836282
96496863
62451854
82390516
71992170
35315350
62008551
55397064
72410956
83033543
55689026
76165583
64802777
86651645
17186715
91126443
42590572
54482424
71741262
70674493
44955282
27917089
25945946
57733259
32985043
54376533
28255805
19348935
45661435
48535678
29538682
20962806
62666829
36214503
58567629
72892373
58892821
30491473
58321268
19156973
75426375
51010199
12675128
95905822
12016262
79734317
47999007
16565553
49842790
33469641
31534137
49935451
84112838
83566399
31798922
57610078
12863943
64098794
14005391
46695759
77166568
84133446
97774959
98904690
66266048
71354907
53060927
38551233
37967959
60680788
11022578
91679372
81963040
44406510
73861818
78045207
96643084
49011809
11442221
17922035
31873319
10575806
69520580
42750729
71161698
43713267
90885370
47842109
84952187
45114155
49207461
61556190
64579083
93509111
54668732
83289428
59087028
15775423
32331071
86903768
91171061
97229389
37256999
10706186
11424431
18559940
38060861
99250085
87709828
47500531
27218987
44475712
87135024
77263484
17306056
54028668
59863113
75376138
96303795
94921587
54383732
11434567
65541449
26329988
20154281
26192020
30297556
41197856
56007859
65797218
14078049
37147825
46289107
65549104
26071471
63280550
86313861
50341281
69849795
85947935
72756442
45124409
23528345
53245618
56421508
65302196
61108980
37011544
95512304
50055555
48032471
10507768
50507790
81925988
74110732
95641613
26291628
79909788
32647137
76473974
52901248
49872980
88883699
95006682
42328388
83652749
53599778
85498549
52297596
89138754
44693156
53773316
34677203
19070361
61575349
10243977
95301539
37005637
80191724
86535099
19656212
39199483
15782953
58199630
77606364
11102606
47463339
25376730
52779684
96802601
98099390
60099755
22173067
25695017
62870929
22762660
36678467
70981909
68907685
44787536
25189849
20436666
45850210
99551751
29569299
32570599
20432580
48074169
15040066
84845362
13784282
76086743
73531974
14096367
12693482
67185730
96585946
59646505
42863029
34718606
30121391
23761970
31003191
31832052
16234816
68788803
79420660
83116441
84341503
60987114
73188226
10842655
55111682
98308315
98310206
87654264
40850697
33980853
71532501
90085953
82308555
58260071
27342815
48200121
37619948
50887871
66962597
70909148
81166220
44760209
67897859
98370848
12613241
50352000
80650601
19633611
33482500
20056172
87908091
19933935
67941745
95854328
97275480
63664904
49404408
60896160
39572552
56231538
21865391
43062485
89743291
10595992
98247374
42778663
71425253
24402371
65959016
90463144
21378646
34206050
38140850
35465650
82179167
94007817
26030980
36958529
12152929
74285906
83884284
37278826
66197697
19171437
93132226
72506364
46832503
35089099
56346085
20709318
72447203
97862756
52733585
42297606
91190304
80075722
46715492
71921949
41451623
99217392
99616082
14273164
14216648
27637478
42900121
69495077
61623104
99450217
41174362
72206121
68038555
95714399
94006833
18498111
29736865
98743836
44367957
48330191
15886762
43235330
60371398
18918142
52455129
22633483
67415343
20715827
49031541
53698245
26718370
13753505
18780526
64036018
85685750
64369860
89221544
35703696
59565338
53488519
85224408
67110901
43524645
37779361
48424328
96440672
70910940
24876920
24755492
51015145
25801444
33394060
19417909
45754610
70857429
89200187
41347333
82772469
51396382
34120282
75614438
69031518
57588495
74070987
83780384
86889582
14508723
85389794
54311947
27854775
26972835
67465012
38039290
83182659
87360005
57166471
93951300
68453589
66532901
39837929
32838256
59743815
37985197
53383260
39969788
56134162
39106564
81543086
64899274
86276076
57673409
50324328
58926248
38807820
14465227
94342522
46275465
91482511
57099361
43393542
45642592
12642908
72130716
20594780
66047892
52534238
95740660
48627936
13319536
77848373
58546983
97027574
11059048
15213105
77307131
68078664
45138718
47179692
88787596
11746486
53369856
12240004
29952708
34364635
22464142
76343476
42852458
90996281
47027257
71718159
42955217
62836992
65942119
35918872
26739248
96013696
54657556
68080256
22041874
86658600
68320786
63543268
87510202
18440771
95858604
45464461
97518969
29170145
72642265
82372692
37228219
54347957
98630004
67644105
11496822
73662863
68251555
57988743
65816564
54653933
93216944
45344363
71573622
37939480
19193445
81391680
64477605
87119247
53904542
57018320
61795234
49500912
50489220
75507639
38494515
30228287
92646024
26696344
27194069
65080203
40624825
42022268
86185575
47477152
87420769
52514951
40035762
28947177
81645004
22887824
28574400
43287838
98213737
55022832
60169818
42811564
28122737
57493874
72563211
32938489
89168132
73165926
18354252
47532230
39235554
74115029
47552849
20983342
59480258
34600782
85984623
29861579
83789266
92955487
93709480
61491448
87713612
24220575
93692629
55837488
26191666
14682088
86211438
83761045
70588454
92604963
56869369
45934989
38658152
28244156
39382413
78572295
49566316
70487732
61777026
89379676
31176471
46484948
79835576
11939536
92265750
28434303
90988160
32936759
56667227
18521377
68673194
86212276
13157045
51062724
75498397
15965579
97655873
31987179
12773754
62147637
67882771
32821929
50369068
71927544
45626695
51943820
61106475
48431643
80030479
64257479
81574888
62300202
37811703
55290599
29294801
34745927
83185711
32213820
56477683
12186919
35555078
56115170
34416697
76829232
76714744
94168555
59033298
85912238
87231198
29006250
39602353
37098284
46628035
57529246
44791470
57462773
32915671
46497658
95486538
69519527
78490237
67583821
53850895
24167792
29516159
38565203
73106326
80412136
78839521
62242722
25900043
28565203
74573507
14139114
84265681
11012799
53353158
58331124
98915052
27201539
19174304
63587869
17468702
20296633
21800205
17548213
69767092
25277105
51442636
57739079
57692194
22953216
73448650
48411510
64593980
73676466
22276080
64089218
47587343
86323098
98239238
77067882
24609242
68472651
35115714
11104172
61706412
68733471
39618801
80100264
96935579
71779828
33296577
82538659
79879838
62686967
60768425
43210086
96025352
80944024
92330229
84484102
64987426
77314973
89822577
43120831
86311651
76632018
35592753
31829242
50271182
10795486
29692156
86407534
35469160
37108530
19658323
86204898
31967317
32155418
89598497
98969232
94477583
81579382
12839808
66803110
67281601
45974530
46883877
56631270
93609670
59727312
53095146
46618221
31116985
86576600
91799287
15401488
15158072
73675403
55798114
42814010
33895857
93932140
62248274
86394122
33206092
89801833
51244657
86775648
90623669
58509210
29916747
81805010
72950410
41716124
12511581
96816567
58055767
15828033
20153118
27253791
38263389
39685628
27792436
45812363
89166959
84290674
12520733
67913960
93399063
32346380
69072314
74553875
39119070
17471865
97207997
44213344
22898013
81982609
37818554
25100075
70474165
44366145
18388494
98268818
28373215
10050125
71484997
37649031
15115453
76519679
18829366
22962923
17563990
89236030
41322739
10118362
67930511
96057450
99249043
12982288
81612234
96175960
46583083
88591991
10926121
35010027
96424539
95361361
30706416
21932036
49670398
43267592
91793861
42694807
93346795
82906144
69108799
99339913
13712023
25476462
31265238
21130467
41135939
13131668
50211350
34068597
65850550
96138269
58086485
99515690
32784682
70786086
79272620
35654391
93530070
29107737
54074643
10720749
20033049
17350549
77760024
48754031
97096640
89023466
59399484
18803581
69258868
15281216
63738030
87335747
28170455
53416085
60486460
65581513
64224488
74036205
68338745
80981626
40676651
19340221
90213216
19194255
36260338
25273479
20576267
45928050
55844077
63772592
84947177
34400034
39982670
49051070
16368740
48372925
33521210
78577476
15507810
94864609
45742243
68230009
43618430
70692057
81742031
26778824
95899313
81499256
40865814
26607620
69776284
74739868
96923318
30140089
44914548
72356690
91877842
31842461
25270552
57321357
65126822
35847798
89761469
54209215
81245109
35676127
54596197
33402067
93696240
16024298
96797737
65067069
38876333
37898557
16689499
25565210
46567177
34584751
40015847
26594021
23346201
57059214
18931668
95966803
16933304
67269132
98070378
85021517
94656256
61149382
46788590
24996232
58292052
43744626
32873097
44588482
70023065
74439589
65326919
36700058
70036740
82696127
23080762
99573004
46885902
57594356
56262207
94534921
97295493
71332471
99470168
93998383
35056700
26150085
25426873
96564778
10725987
80531083
10236126
29403558
84184049
64940852
81456217
26938992
93407549
50527123
22332586
46232108
25155398
44799781
11429125
46485909
71289146
98906725
21172065
10204054
75396585
57734063
89556542
65266673
45792584
23692850
75071156
17190188
91535676
35424421
61067218
68258355
79655478
14645448
83389756
16194905
79692646
76117132
58849731
56249415
89678645
70116065
44931143
89281798
79178103
42264608
96788940
83940251
81920744
18757784
33510718
56120609
32469432
81385526
49139541
10680834
74560445
89932880
58641299
41546962
84255944
29146894
16195051
41634760
87242386
81934453
13805820
81999065
11222356
11098129
97135098
95915635
93147637
13108927
39578798
60644435
80894942
97552404
62213891
96592362
30979310
14908322
69529588
84031481
32488725
80809640
76417715
12570787
76592141
61311826
38706123
14796938
59917562
29532747
28809912
62316361
16229168
53700988
77193731
38301271
45629938
79120767
14292914
35793079
10227806
55732382
54963773
85134630
61818352
59583016
13186827
40857976
14362938
67863299
57828238
73039784
86972126
60948557
12258894
61378312
62176542
88835479
43431383
94818207
99335277
93635233
60949739
24937481
87482512
50139343
42148031
63780527
44086847
47110203
22319612
77031193
61708041
90480085
57523255
56705000
58099812
53261476
63388936
19758549
34628011
35807246
81269304
59673958
37036484
33793197
75437683
45129466
33866713
83305119
82171598
90272164
85747802
46505586
20404789
95517064
43819440
39431880
99419306
74980865
84515703
23246448
46297623
32632235
50810220
49835885
48751243
26294898
30227077
92019230
10301475
71576405
43901851
84560398
29527556
30041661
14702531
83926490
79654276
64054004
37799482
32491707
71615848
44228292
17515518
65354416
97998152
41176365
50428921
87222345
81034639
95601089
15656792
71429393
33857951
18313376
62232955
55199257
61925905
74669580
46997125
21107869
15307674
32769576
65526290
29558102
71129993
37717714
33494408
35279323
42940524
11881369
21067527
91150773
84732498
29541597
45146746
66978430
47089708
28473986
18544207
95802804
55527885
70140752
31551171
96396831
58875921
13558123
13022678
66563993
10386026
44815326
53546119
49161012
36642197
88137144
23701378
66178905
11805632
85128857
37135844
40748624
95680574
91529218
17881728
88777220
36308562
10771088
96733829
47484764
88473333
31573502
24518729
17588162
87761338
28443855
77255440
52484703
85800003
38117548
73459464
58414111
27540885
72976911
82556309
82328177
25714128
87230982
77518425
76372251
81547640
90276391
99561173
30765879
27048945
90518545
45897769
22606029
56501898
17914010
28348791
21246606
87577776
87115290
60540646
77618603
88976707
40914899
49511746
55113424
51435397
62749947
56235329
75484481
44542638
15736552
25164257
88684303
33287582
53344856
48138604
16551286
92532650
17642713
77072285
63957590
62560535
80375899
77321821
49431244
85140517
14387024
47296038
60320621
38336962
60585469
35511305
47989535
78083552
38235489
57597770
90126739
71547232
90801470
48746409
65633122
17483309
53676232
86848188
29634499
34589926
99207913
92781175
77847015
19764275
74290894
78214897
61402681
44559699
52540913
34191765
43861544
85778407
79653558
83678540
11702001
92969755
76360085
58126257
78483733
38007244
83748348
24593689
59455977
57943843
46760856
21042710
35523810
35978570
75228642
51492656
28279006
16113792
45705111
33666780
68013706
80324060
22151834
92403949
14666826
79626172
40809367
64859154
83023307
34626560
56767872
21768679
51227503
89861879
25658728
31646439
64830956
40737885
61816691
58010863
68459540
54099692
32978667
33685167
52092351
26363893
96698116
78979031
56410585
84328468
87736695
57376874
24694398
62684573
24738252
11549909
42052982
38375684
20343900
80702132
97311190
80239994
27014915
84498779
10059848
38726668
44394162
12225477
32521567
56006542
30016564
70248725
70174223
46813359
83810628
43175467
92180686
70458366
54328446
21831947
30746935
98755439
59280041
39926870
48376538
96658548
91558472
46671987
18877333
16523188
60090192
53247964
61954715
32055786
48589939
79471874
62137622
74865245
17927963
57412062
16556777
14745463
72153330
28516758
24532366
28915077
99997086
82910751
62112394
77279882
96096501
53842288
77396064
78777357
50836057
11827884
33393043
34981139
50248977
98207325
37439000
94573804
56896053
64061889
57455540
99772618
55180009
45812003
85492976
53880240
33320597
73835717
48615210
61201697
49111889
36832149
29027654
37751529
32075227
52232080
60207489
40059911
50715077
44411184
95492069
52828981
19419948
21038227
57255257
27480854
65162658
20564650
61679056
87247995
86696749
18794266
70919074
21474898
95474665
69968178
55636343
35485128
35682697
17197279
14149225
37271930
95727924
72119552
87981955
41235048
84278306
30392295
10137715
98741593
80126996
68140159
93700035
61970359
46181051
48181938
24070892
16056815
81308477
85409149
20265319
12579210
81486912
26603728
18021215
31454196
24100681
58627418
89562391
49199141
68348206
13477430
55979280
15657993
57724327
10702933
77953983
69916399
61173970
31538751
71529071
97213611
37560544
58006201
54055272
59548057
85600916
18897793
13986338
47802469
15754310
53344165
26172563
42337783
49981827
65799933
67134889
96390009
63353682
56262603
60648916
55132934
90945938
26041325
89531962
72350832
62008703
38474940
25049102
75789614
66352339
98501893
38844795
89830753
83392264
70951458
54091066
37752193
70567740
15905588
26251715
21605288
89358638
50360446
98987935
40883067
94758757
80536161
22932572
72340273
53723888
72534768
92213658
56965441
45846856
25841839
25196355
67000492
42635245
60025432
35762916
64835711
85928379
88501478
89536984
46280598
80694408
50904471
48376989
87243274
94775898
87306468
28046778
95078276
31271083
89386000
33261190
74143838
40254416
33643620
87977509
46308700
14251759
92682123
84919285
99660496
58447342
54662148
99040251
12921505
72717893
73422332
52811188
44258804
62276868
80344044
95521280
30975108
61202721
12146592
78617674
42858314
28007694
81180204
97629247
94566002
13693162
47083656
62682568
20145482
95356167
27945173
36750629
42937301
98320406
49511486
74505123
79473152
77013618
65765881
45003257
43536748
38328454
97284973
86558917
48255082
72580315
69412846
60352670
12977797
10406465
52221091
90492373
17994936
69218073
92657417
67983437
11842368
44732222
48043920
67805940
19305484
53307790
80755549
38957266
97914904
59880773
52933244
45674084
90774935
39190013
50715966
79050969
86348534
71349569
33345035
79736911
38028161
39684342
70289949
68881586
64787512
89117009
92634738
83696591
52968960
21727979
70829271
78608702
60593091
69165365
57183068
88898156
54418740
11127834
52431592
26884804
54171312
56475568
28480869
25875962
63815616
57026585
19171739
97603060
57331643
34310780
83320603
90874581
42192136
60733979
96825169
25386662
59014657
49669010
48524989
76591651
59129844
13147435
30656187
34356640
79125728
60405758
97406358
82091947
66675182
78161179
67703374
68296865
95868690
66509249
97915305
24003032
49097994
57514208
87534558
14422752
46192488
90339491
40065702
30912851
20198692
15754858
46365660
30231434
83761865
56226338
33562352
20437783
42343477
70691272
78352820
16464768
62349357
95768430
82429297
26558699
80470334
67002358
30186644
65461477
63690948
56691053
46703878
45184079
36685321
64837249
50956185
37963493
36727045
94645025
52650013
62847980
30462020
13898800
51898899
14804600
55330789
79522021
84508025
68894679
22917310
90325057
68645572
15399325
25748765
91814702
72778092
44812877
31605545
94969761
42557473
88960411
85290615
23333466
75917199
74081624
73037378
65054888
18642877
63391781
32326148
44228021
12124198
31537376
96966278
88805596
38252308
91222912
69011360
71198833
24799459
88885344
46967490
44174993
31387050
12947592
80775190
96757932
27929042
25622311
64075028
27649611
83427894
16500727
81019252
19420548
15504684
21826051
74524237
55713417
83186098
43671434
86259663
78028250
10050359
81743996
68599322
61839387
36524547
21858337
38146232
17157120
14438083
53193817
80397246
30735972
30010293
66928254
69944826
57755513
24919276
41300837
71616729
20338970
24544704
66846596
99056216
29688509
20823638
73346477
32503205
67159172
84163528
78152568
80753490
47440498
63309808
20529984
89879732
49256250
22969174
29731523
41285470
14006451
88839476
69081581
49897013
58871401
79845282
12799022
54962096
87272397
11182946
31705095
61546671
97047308
93988938
85892133
14676596
13240956
56856266
84596516
10217794
27256371
50389017
69386484
79248144
76854322
76627841
69791321
18214122
14212159
82529475
43498764
18008165
22989136
53909800
79330815
57917757
15857955
33494181
15554622
17286029
50550379
39169833
73047025
84789289
62348964
11492999
62022782
71774235
86114824
71787515
11233739
54800441
11423514
22760155
15563297
45955679
41806171
34485420
28259023
12638636
71540733
77600031
21382946
25210523
53470227
20282484
43389672
72480279
75930354
22150481
79183588
69815063
48687925
37326086
90832093
17336040
60778667
82155187
60117410
30711842
82370782
91627143
65946654
32292924
51896641
33058595
59584019
20361461
12444188
39409783
28016134
30894392
59345567
24902632
82499670
69499882
87322031
20620364
71033289
45712189
20879883
79090185
43549845
90386425
95081643
55962974
85572954
26137706
80097256
92865372
84271120
84291687
24597819
81682949
20530207
62372095
42788893
35483391
58430349
29377857
54759182
36898165
14298065
93245096
97181106
63021579
74576455
17248673
45761429
61397243
84877885
47188155
80561423
34808657
25413674
18736874
44428099
37019839
51425406
92246392
20572225
27205662
12970005
79239945
84328780
61628162
46659781
60535733
17304056
50048406
83924788
36869478
70305886
65629201
15093633
13873531
23743199
25939889
29027244
38277642
36683147
45873654
82533023
25598723
13713679
46348185
58450428
30180019
59165461
19669082
78308618
25099491
81199931
57649781
27660089
46447389
84137128
80078350
39043409
70624028
47069249
64290311
43039687
84345546
70265592
53391517
84744762
61383000
97899518
22910961
41450766
40914042
52128157
53105162
48605336
61426727
15491362
74358110
91887221
42767088
15563730
88375920
68717831
10595819
51276947
73715725
63649388
23307218
82876748
81857502
97123042
59035102
91299157
91738690
88350335
20978495
40321086
94068717
96523265
50117772
50201519
26207691
19871081
45966280
45273790
49761942
21330513
31817897
14263622
76541190
71481229
20710231
91254743
34696850
63228177
72252868
41673590
30064632
80432531
38459764
48045484
28924156
84393397
21741412
34058933
87878017
44351310
34312431
77264074
63140391
29926208
40793070
86894519
58032609
40876632
44253356
59474813
79775607
31581214
22297310
60196313
53263710
81988734
31815777
93999267
69941628
70327648
99768659
91225083
25716487
29974374
69291967
15518866
13803531
29837889
18850672
86339474
80906122
44134064
46431078
62363179
81487805
54156183
57567547
22733817
56478264
69426220
87687705
54776877
72999440
66845244
41309183
35902856
84344528
87952087
44737553
24922807
55111414
63092360
23648782
24888396
39051528
67573981
15744914
74483642
95663213
36638643
80054789
22635901
97679848
95891499
98087332
78775126
61730097
69907385
23971626
18725172
95369266
63946843
62420250
91242543
96268379
69603046
35764652
46201389
67624482
94328187
71897426
75157159
58214171
12597529
34515045
47952774
87953711
10338892
89699057
85484455
37848324
57470233
46298238
11871817
34459904
83834409
51157590
58905892
42361833
72724150
39086134
93162266
16392699
56482164
94940895
38657939
34948446
45128212
28537843
87342791
84207891
28865751
22021552
49995105
13638538
83680180
29706841
92903854
85951440
88238754
73640117
54175618
57481445
43124099
30498481
48705196
85159597
44179744
89307011
47992955
25178773
16053317
48149970
33956250
17971620
44008523
63671721
81097596
24955540
97469538
88821271
57175605
71628125
25387614
81511984
97238889
45855450
67611947
63055817
65414930
52752219
37569781
47060026
22659416
73383408
34335141
96031897
59193313
89789555
87456890
22868127
25892487
42016804
40803713
36159840
69310105
42756939
84562918
86215405
54932444
32827821
11738756
59429402
25886243
80162586
18328203
95202522
50139014
12694563
79486029
54138054
39339330
68677994
88915109
42497468
41983021
53514130
35910788
56464548
61099732
42639316
26503065
36266702
48387251
52966707
65229213
73059959
74211856
50381000
72560568
83930987
36877044
75618487
20552211
93878468
65680967
13564482
84148091
12477776
93465095
88338556
75415854
35713169
58355876
88209557
61950150
94475614
16604412
98825300
80755135
67226534
74420974
52946212
68357159
20845780
48245917
57199429
43736801
88820559
27269571
49545251
51621397
22368665
54378671
49855044
72996920
34662295
46484060
96912090
35211443
74738224
24845176
41828402
94302989
46239310
52963042
65958156
92028865
79824536
24242813
65293898
10415874
49331268
14768613
27417686
19299798
32290329
88188445
26880194
90560969
95189063
91892193
14176177
76101146
94076385
95652120
35126886
29990134
93857144
73133541
43261671
10605404
68292821
72876637
69446477
32073938
33393363
75278507
70635658
67602517
92813902
19098265
63583261
87650154
41383452
53019996
64543734
24606717
68630400
88383795
15354187
33709233
17572998
76922432
81468180
76356575
11051640
90445714
30594117
52478126
74824041
86498251
90078009
94521803
31042414
80627955
98235818
47804229
16036440
48536925
62289805
47604767
55264603
67108724
13371085
19456620
10017497
27149466
16874800
11310889
21943481
61415699
21517943
42330281
68713468
46764710
18261935
65678570
27628305
58407784
92763621
74705903
91163415
87764755
13775411
50526661
65524062
34233861
54011389
53446865
74488223
97463798
84577147
83312441
75862563
69801286
39255667
17537176
47712502
42939394
79235605
57348105
22777343
13325069
60152809
19780294
75790775
82786151
48296436
88110166
28196471
55112997
44831789
64925118
28882376
56690347
45421873
52697758
35388642
27623714
28521805
85045252
69693227
76758394
57359865
48598868
29354381
44389095
82373138
49004166
17265577
67821369
22324709
29739138
78035215
31961536
22742194
79188201
99781471
85958230
94904531
29226923
84115598
97988352
52286423
64856884
55942906
52693674
39912065
39411463
84463178
11733042
49583713
30610912
74141821
45604249
78197184
27510064
19002607
81105879
56184046
68050957
78462330
74640856
33991991
43216953
21012025
28108695
13121908
76913869
47756392
36691798
41368893
47054723
59197671
42221175
88952764
40334365
79916638
66230394
36177140
86489082
72171156
88296865
45931680
86567508
32236008
48998354
77013057
98542195
35940324
91275473
61263976
59836264
58212411
25474763
14117798
50532760
40062330
69782410
19987118
72306198
34545097
63496743
38766633
81432110
24765406
99993111
83759231
53881316
13395194
39287900
44693056
85436527
75327727
50486435
19082645
35092742
78903066
67286870
86595535
30282803
38815726
68638374
13641441
54496898
94970951
14930750
76350831
46659120
87022712
38119950
38851206
39423062
70402066
74638023
41383025
40973504
99730646
59834498
43712700
29304668
70053685
94286976
48617795
55308159
21681804
26659445
95061152
80549117
81041963
78638359
71513172
96144728
93221407
60451617
98713363
60393618
89796074
20136413
94917106
88328542
25089549
73028786
63374741
81368733
34861671
11717774
43604491
82589140
58665096
49183472
96522527
49285176
19576771
63373958
10327387
58659557
36758391
95926731
37574283
48987778
19742924
45672482
11533640
30304636
96709750
25007199
51956795
74243602
73319656
71542951
40778001
72228733
88280829
72917591
68312024
36738036
67122239
40689283
34216897
68791300
70107137
65434033
86459858
43582647
95046848
60926620
42195864
70184675
68517285
44847492
28898808
92160012
50344360
78772144
99065508
64499319
96519246
75285634
77024169
51418188
47340050
67373493
11445796
19247206
77017698
45902261
15742356
81533883
47379520
25882394
93996747
57981283
24143625
61868611
26057087
94460486
48005203
17186443
42324989
50166631
21124463
81167147
87464317
16450503
70520589
90734764
24249232
96454647
35541247
60250502
46501046
76986302
94514198
94125658
29834252
47220194
72239529
63084873
25162274
17613975
75898676
31445999
22894955
15884289
81564316
83528320
59764045
95324136
48649616
73849853
56905945
43394316
84128402
71894165
33262641
11535095
35350388
96857073
42682988
63394305
51984231
83285916
92584854
78779117
25960844
86483301
25364021
52134440
21252613
52485436
50728509
55964502
41483108
75757268
51768733
38105469
43132482
89851727
88351517
29123653
21564655
83580937
73557856
39640014
92805059
13353865
15019310
64922003
27367897
38543482
46147589
99870015
55292058
98993592
84817471
56802537
19991522
67173227
43703910
88915648
19765470
17233281
59150626
26050042
26730446
16141297
14579790
90537568
15808689
29814685
57712311
60009359
21554512
41166323
29630092
74974946
95897319
16538929
48005922
96380685
91248808
97000388
61522412
36792351
27676198
64944741
97820622
59313326
76792343
26397656
11914161
83736738
54880551
61006193
58937316
42707195
18633606
35271212
41826753
70726440
25725913
72616574
37147456
70935957
94857076
45787282
33506869
21569261
79846803
75045441
98956936
69996540
96089848
88997830
25945326
96387062
64905030
97657187
72683087
59013073
64166762
30926534
15119161
79914510
93710729
11282720
91402043
11123369
82854067
68802565
58789483
51582390
34862665
24517907
46401224
25608575
78601920
10173591
13308342
68526715
48073258
65396944
77125910
64543840
31228509
21050443
62644481
18357072
79364930
16435053
61152572
91058989
31275284
99939762
72731075
87685632
21971165
62723899
67127990
79371860
81689565
76721381
96949422
76697904
96749858
76427442
10015536
82789968
46309576
82149130
55508736
85222371
71803993
63748254
59545669
22077106
59391537
28643364
62864245
82262362
46612131
15149271
15650119
27812819
11163593
55047016
62878093
80762601
82356024
53556242
14453318
37794932
35564976
61092236
87042283
79439528
76759998
90723699
22904872
96471253
65803884
27476955
56421006
52597436
67935518
84765547
71278688
39128978
33829992
82467368
47055226
54541349
55305994
87474412
61172447
35344534
42304649
76028917
35692765
41191876
47378027
86853401
68717151
46631881
88306062
91720855
31044815
77366686
85178021
53008650
75193382
70871258
57802320
30960119
85304977
42275607
83458263
56802309
88610881
38378997
80092292
40957900
52126544
44181048
80142874
30594501
59903563
37943181
33877877
62308322
21442400
44556778
49399999
65669303
59793445
91765523
48653132
88304981
64552962
84327352
64889107
55194808
93844285
15671483
62465866
81266390
41730464
72896272
75213597
58469847
68006601
32172990
37832458
44897508
50335502
15847042
91154396
43591449
68351626
26505874
96110785
76097940
57415241
12632575
58510090
61633839
43662860
37724083
64573824
37852874
23977913
94587034
38349149
60702017
17707874
85109854
95464430
75894909
28615152
61363658
22537795
16273446
52978156
51810000
98887183
23941110
79042793
38690982
18632355
91257874
49824394
96931074
28233488
13118028
23487143
92920608
55196935
96847376
38218556
17921785
55966246
25054953
32677847
57834985
46964744
13252772
30957775
42936304
43290035
49997929
32036765
23103925
30470173
42174479
95530536
20838678
63584071
59501763
73273557
48540633
49938634
83732187
55181085
62848006
38840788
93674942
97170571
53220107
83155477
50898023
48897279
69310407
93713909
80309925
24338420
97455747
96737458
15684127
42298769
49194752
38410312
72176209
26014944
33150951
21536787
85535944
89564939
38694033
78751122
98442183
96796462
53612022
75770992
80377791
83416954
17641437
21354380
20633227
84601375
43494808
10196087
82456665
74987943
61251624
38910507
80289200
68917148
84441544
71658727
65390182
92306879
82501668
10165883
68859943
45246049
96303399
37300403
95273365
77733857
31214578
70875229
13703562
94247490
77169768
95801721
34076664
94547303
58993766
13043197
58118898
16324974
54948112
90426050
17635395
60404647
95370055
68362254
24429500
27214640
32308662
53239999
72626700
80418862
48523660
42426640
96123847
99444394
60913860
80595339
36660745
34150789
82347167
82683275
48766772
14204825
45812404
56620653
22044116
36345838
97233181
82566355
64284580
80546198
50234067
48229780
78205098
95208230
94648724
57485123
69790845
39772881
62977152
74001115
12684583
31008802
80688196
52585220
15686437
23459542
11507309
68681732
37039243
40686291
65136862
40780485
46800836
11049673
77151069
21460350
67400439
38964580
57611079
17783169
56835206
99540523
69598820
19598625
66743600
25559032
79892437
12601406
21236822
33539988
84956458
13662831
69010651
73996270
37923088
47289034
90211364
16972920
19281191
23448787
65858623
47776415
96443506
70944510
36669856
14584421
10779240
22848866
15600262
78966812
17494695
28527485
88378108
95141185
63109960
10376094
34551035
60707698
15483853
68718195
39593644
36648589
45577015
28170671
90657996
30853223
76291125
20021975
32487465
41063462
94111990
32767530
37501641
90928060
41269663
68102571
97461161
72578944
16895193
22367564
74905763
19156714
78373121
52037433
97416041
27560939
26487683
33286078
48107693
27080679
82622529
98578005
12051427
86541008
46171692
56212560
53544734
37264224
36698358
42710943
12829079
16017011
15999582
19174719
68741709
38789118
28370602
46520128
50671686
64004784
36477875
56367472
81702899
68960035
67572506
70399657
25622961
46924824
10934252
22708524
38061428
63646425
37218270
98104177
83165197
18762117
98132341
23404846
78920855
41250453
62277203
69068018
68731107
91243333
78604655
16046778
53003734
48666672
66630616
31927943
91725307
21385987
26460954
61744794
18258741
90242489
17801101
33139638
67439578
88189716
19500970
25549682
21281538
15752324
86493150
27709569
72298101
67900196
93502428
68817967
27728832
68266296
31499272
63570800
71990867
97215939
28435431
31467760
58834758
69475098
13340726
28169271
74600508
67594916
73854998
76272504
72899941
92599216
63255396
34375671
94818077
30513651
49062311
54285718
63985458
23264669
86380067
82354810
98372419
34368918
79840010
70590942
35187267
71112538
29962194
47002868
73250589
35124974
37365282
96201459
32454770
65523837
30335973
47911362
20586493
38187412
46041089
31354815
63471640
38937847
91652258
83790636
79123927
90837406
18450864
62114102
48101458
27309263
87381599
30086180
27886593
71516505
59689060
31221913
20234943
61704426
75584709
25089669
13388785
22742542
49264329
50879150
95721408
56048068
19133583
79419095
94151682
29573439
97036859
88527498
55269686
27262390
29102667
40501127
24623790
17231751
78990537
96198471
18852656
68400151
32339633
80223828
58461248
66987439
61329746
39012761
17945853
81643237
80581208
62321267
34799863
12859682
76205333
60580757
79958531
32996791
41206313
50006893
51899383
10369287
39690574
65480229
60143618
99166434
95470398
77391813
26465573
65181043
26327361
23487733
55739346
77382991
84809046
94209632
81093151
12837677
46618109
86291125
17070503
17642933
90933023
27276743
22754046
32016753
94021787
58614996
55892814
87980256
31932143
74583523
27358867
18636201
80523902
61753670
37634159
20157933
47039747
46888767
62294186
97748917
74749587
95451199
83091658
27026442
42936904
53605450
36051019
96075536
71792758
28712188
50463802
28556944
98635665
91997814
84120696
19396150
76297570
43238841
96757775
48154074
91295496
24757732
94590182
87588624
14113792
52312721
98698862
30984716
49528770
36218699
33278483
12627890
36511754
92493869
60195278
26623418
12894516
83346968
62051031
12802685
78443712
38936720
18690168
35245534
17013110
92410291
62051709
94998615
15579299
84238680
21552456
28104991
22768129
72440768
51800833
95188341
49579003
20808938
41158028
35262833
24683867
45656656
43770643
63487033
31382285
91250077
82732384
99552707
59125465
93932683
78888504
98810744
84140662
96447091
33857981
90229400
38703242
30979651
59384693
53612666
17874878
22362126
22719603
96619120
65445883
51088190
42953892
30355785
34817219
91759972
69624632
55888368
68786096
85696682
40150449
61350399
57155196
99266414
44160668
99455330
82770946
25495351
48695810
98558788
47772975
81532514
51590172
74042959
98883343
44984322
45486924
87157249
76868967
12619400
78307432
51567201
70540687
15941116
18500578
50030658
29088098
61356056
98940152
84616171
28961366
16529175
37076463
54953368
86935521
81805319
55052162
39378540
46269761
84089357
45401007
50356479
65472423
41016661
39372835
94833523
36101372
35872051
98095317
42477844
37190084
87250523
92430639
93180459
63769504
85127737
38327910
62850016
76711277
15331054
86553323
88606665
68935178
98366056
19046905
20436755
37071160
65948623
82163915
18297754
31146340
75305720
51948490
74285403
35589189
16692283
24853230
28666217
13678301
31147850
25308273
22936361
31924843
76927339
65710891
13612560
67548277
48832196
53620788
31207556
10796621
27431864
48362420
33191688
57834784
59779217
13661635
30051320
30802091
36125257
44551024
85527566
74465525
72672093
14152505
80872271
37208968
48077624
95537795
74398430
43719972
80147621
29449433
87078468
77458085
80575251
61548307
51942180
20913371
80750765
58555746
75457454
18373430
88440074
94781542
33766216
39171496
45137514
81438684
42588890
69244968
84906128
70762613
20634578
27474881
75450787
81475755
87351346
96065098
40766469
51627267
45573923
34849854
18870698
82445555
40054103
10436147
89705734
56034109
18841327
11340445
31548276
21787265
41293008
13391979
73339722
36809125
56968946
15696293
51083404
66197552
68443200
78932700
95058186
33736099
82547370
27423677
37881836
49672247
32534001
96129840
94857464
81030108
78835472
64797305
39565552
29435787
12461989
98420616
31471159
35782905
61372243
81459843
99464033
42933900
49558633
28460363
86364420
80392012
74636007
62207940
33964488
35792161
81026499
95224226
82248281
25140770
42244858
83509198
34918744
86660817
62967671
51045753
33527916
80820378
26621554
17008493
37213870
75485304
52854372
23700862
98510136
29056695
71782050
26160159
98930629
59731156
50201745
90408320
50291637
98301749
95731072
30984003
47544629
54208131
84946468
60771518
26888047
45861779
62644845
92778505
58672501
93549785
86266927
23104698
12050161
25701102
18160643
96737799
73654818
36224649
90862284
33983491
65187060
19396236
30627557
61654276
87072698
22302825
17724966
14509962
61112734
21213544
88079925
59887496
96231294
52488179
18091105
18815626
27570276
76670331
39887813
22784190
83765840
58585534
93730305
10590610
31959127
27168554
33170200
36993690
25159466
41253148
84237963
75524909
94381632
56971074
41126803
27763341
99275041
61530362
91734718
43098196
55331634
40917270
75194871
40389980
10763816
79839331
68666294
56014577
73914573
75705148
86924398
25937601
41597834
41966262
67645404
69179613
37173637
56901145
19437304
54516805
65503717
27661948
78852870
44435468
74671025
62562812
66040651
87161000
14086486
37864856
46392669
27774424
75822663
63496236
27256980
71360690
68943551
42581256
22915485
41979720
24117794
61617709
40903980
40426998
90827777
55472547
27525713
93428811
21965628
14065146
23599844
14531090
29382466
31426907
47034267
99791356
62366709
93362633
61021626
53453035
48479144
69305082
99590621
12762058
76216652
17708065
69846387
50633884
73965030
25144256
80398365
79613854
54071916
87657661
27801061
36354312
51449438
65892725
57186900
29255540
59533070
19098660
63031812
20543001
96347580
43793775
32036529
11553103
56386589
43754081
70869884
18825394
10568422
23919710
42297801
46597092
57749524
64873892
40328079
48988710
88595365
74104036
33184462
33844580
29080960
80653314
13621753
28673868
51074733
65245903
41206569
33448699
86540305
76073163
88152371
12590343
62317835
80013538
28143545
15792126
92313142
99450966
24234712
32548027
37332905
37367672
63761440
53865609
48059067
30230936
37410898
52678547
44522266
27301286
21342693
18964795
12011860
14564490
50993370
49835144
52284402
96447392
24789933
89760555
72801215
69177811
52447079
13574316
38445094
69028821
31694032
10972726
81420601
40734584
85860290
96182139
17574222
54844204
23729049
47028421
23712452
53777046
81072199
34920731
35030755
53140297
98452356
41130252
79519585
50893603
91320610
49228059
94632449
93685958
25014142
54490694
82581846
90007346
72336275
87440949
96287526
83682684
10380968
67827452
25147113
59871405
10413738
60229645
34554353
63562938
25505300
20252477
79073827
68944027
37100042
25874801
95325066
56805638
32071525
60470158
92743641
51800105
17188760
16155937
93212656
17163699
63395063
32606946
67730574
78146533
69129903
72741804
19194885
18154949
41439404
86618633
77372562
42564388
30856373
81327477
41051860
89941605
59405373
98602812
36891679
34898249
41567677
15272238
56754490
16758078
98692288
78570355
98220085
33418356
88246513
80844175
73562578
78006659
16052217
23062109
21308402
25971045
54765624
95060265
97145476
57685603
70467616
60045951
69121779
84186688
38190001
26068509
51192880
71631734
79711757
49278602
33156055
22797976
32144439
67381824
37904257
76332758
17291884
30911492
72374821
30761503
49957662
54359895
98506283
15925217
56268681
84093060
47693967
95081836
32084058
83812526
13674740
51359238
70531828
52020529
45906485
70491075
19401524
83003155
60794673
85714977
75244366
22385872
97114133
70053451
75546752
62209067
93517114
59211377
53028960
24694044
33370311
97930698
94863309
62855283
90965255
90976368
29080936
33803957
50867931
42760759
20160835
50266191
13984631
30305551
87130808
47342078
94885852
72218113
30744019
25617520
33625190
75128153
45465038
31382963
94927663
56899789
93534307
64338954
36784719
82194446
99614537
47743671
55979077
28545181
44833000
61226602
44446921
10237309
15766094
30527984
58777362
74584115
18351247
43746314
41824962
93424493
82768822
84264793
74736751
55257663
55429095
80121716
44282575
89219976
73435795
62765852
74125567
41124595
14405590
52586119
31500400
44468505
67533296
99062232
21948143
42000196
72963294
83269583
77355855
13095444
37098334
65406900
68508762
53140914
60440831
84483960
25199680
54929007
35589201
88234330
65489855
19531742
85040062
84757190
40751982
54533375
58216720
56318993
49579613
80561115
84532277
75958157
33163538
47095925
49619526
50253900
28988702
22133342
73175860
60373506
66858586
19609448
58669713
92768264
20449475
15550578
79341305
32546685
95327471
66412899
56204571
76897159
78312364
54219442
67812199
26166839
56101940
33473185
85584982
36256267
34284430
72872457
61815889
51452044
25990787
72091089
56372927
69406744
21574075
49625464
82250798
66473018
37756789
42615762
94829213
30548277
15521376
36449488
44522979
25721120
93635992
91644919
75519424
51684523
17338304
13340031
19010303
42025016
29277125
20158148
16803908
19307387
31547159
21266424
34397884
31683352
75060272
90140749
36706444
13427659
58063234
41741168
19005339
29745464
96463457
68335435
41890707
50941262
97087219
87527941
23914766
66889842
98955433
60514704
56932902
24874424
36639555
54960591
52492335
48996431
19625786
96652935
70264286
74784319
78092581
27240022
74829157
92444685
63250657
78334592
27176750
46173687
33942103
33752079
23815175
22644097
93319665
90543197
96394448
46373030
66510357
42784109
90447590
98030640
16173135
41625160
52791077
14688076
25857955
88218986
57193565
23102046
35018295
43650619
85206908
83624456
48836219
52830207
16601873
47806325
43742748
95186025
42185607
64545658
35474271
42853749
32984239
17230909
32022995
81360293
21709235
41387942
69135582
13164485
35905332
26576242
88103138
48761162
19416067
52573030
18559371
79450964
54142201
80156576
88260919
28423891
45579508
45245443
55325381
29353838
53742438
57063406
27468445
44674619
45378958
46331693
62145599
39227743
85277494
43470731
40187304
92394249
79712104
13684985
29038640
93424569
66518870
60131657
20466363
74357155
95235746
19851434
48578910
77341853
52665456
89795652
65031309
13986775
62877017
28047754
80819559
14510037
83917037
80394444
51798438
19223647
51711031
28778749
97361021
51428895
61531957
30934524
59603253
28893828
71433070
23180657
28261094
61916841
90769606
75838188
28662644
38875262
34597094
42662288
55976712
40326839
97155167
67388419
63553612
99932816
66125781
69271776
35935253
45996053
81594110
38887064
24675006
11138701
97839177
38809826
34926992
88401796
28274715
27892064
10862173
15482868
93388084
42173392
87545004
38812848
31455083
80223118
44710572
49759786
69086174
90972943
28661579
96407035
21770082
56031560
71713862
78344096
45022330
62153745
60995735
86682297
17627720
58810837
92509760
33556270
47583501
72546558
49781211
89027820
23953212
84117390
89785534
22546125
22957881
41868239
26228682
44621974
30401971
66572195
38499025
70278042
58410906
67100789
66786849
31630715
74228415
68313680
28734641
17170192
81691144
50674830
30090471
91060578
52755660
30139560
49582596
92876113
40527441
40776621
68796589
28934100
43783391
25709518
97221271
43498334
68049408
19161238
59339597
58893915
15530711
35681590
56165537
70838489
18573339
61481342
65340589
97364036
89423406
57689960
62377221
64281546
55176158
45683791
16948091
79009885
83775671
53823165
29409549
90284119
19001346
71726177
91413103
26939959
16243423
30318111
66230065
81546249
89029370
76116546
71181070
55664612
98951789
29317837
40352464
95703053
53367730
51925999
61319522
91350585
63762243
84782356
19171316
93147248
17240784
98804120
11459397
18743309
86964636
33926806
52667920
29310178
34343029
46832863
75409045
55506680
57527118
44667399
14749506
79888244
71047674
51054361
91913598
40366357
28592519
62796650
53040089
82298677
54515211
93301685
25877951
52421010
23809496
67748787
69789229
76225721
94681431
13433745
56400824
95452095
77925015
49451261
54296298
69121938
66315516
20906433
25236359
57683069
55163605
23719262
93834260
34494928
25038651
82078994
89959708
14657889
98325880
76805526
10991514
53768762
81408815
31210295
16910455
47017492
47099099
36376019
49415501
62685086
47122984
11242663
38523344
56209819
69902447
96363462
51518939
25110950
68455372
88747686
36650518
13956502
15241182
88331733
79654466
15137788
97630107
42146889
80847393
70176713
44726221
92596052
47862021
80642445
18743213
39080886
65047539
76583130
92209946
25542386
12510663
11240822
45652839
40406262
17851664
18604574
95175224
61973604
94587483
83592580
41955431
30664130
85034901
77911914
96414274
90275837
38530299
68650812
98015250
24978645
29184949
92167819
70505065
19182620
12988194
32003161
99282650
90165276
77539399
68119391
99965215
83353653
84636175
81272699
68073701
96559387
97534046
21046659
76465057
51316478
93086331
16531661
26701491
10204772
24379468
27708778
85871416
83636529
49027378
44441715
10354412
77899209
99803267
55276539
93529658
62256972
53485216
98743395
33243136
29916851
66461901
53891270
61385805
49769065
46380241
48625377
57977092
34406635
45934469
60651124
54976326
73186397
36106015
48317477
85357144
88286736
61759336
69627267
79605521
90723438
61770907
78645033
24320139
21952235
46331886
68042753
32979517
91642138
41137599
29925673
98345524
33819356
90585052
67313907
87729587
62698607
63054981
87919459
59974964
30933124
53285920
80794360
96115483
13400377
52884222
52879971
44430584
92418305
93448021
14131565
49159176
41258004
28874233
30363511
13652895
62765687
96455710
91808651
37748160
42133795
18542650
66895823
74465877
55574665
22293604
49839581
35206513
35260074
27245987
16238484
87277927
86550923
80368274
72667840
10995303
85197430
71218826
62648154
23696452
98166365
89774041
60234313
95133703
72166175
95251012
53786073
73327300
81503082
34188964
59495921
51238765
13925517
95803894
43733406
33144315
58983847
59140780
73703910
54057392
33977799
64545668
20977731
58319136
87396796
34822151
84144108
52244008
19276729
42054265
37179080
96846304
46715354
94207393
28764045
56631980
86627497
23794554
70010098
23321022
26966043
77838893
55773925
10377590
50324491
28500770
90987008
39272369
83421256
34545679
57459235
47898234
86974273
70836583
22911559
39740847
92134839
69038518
50850635
93964529
11055830
73140469
39657372
13141968
92151913
43394042
22053385
28138573
87576084
64980137
97646486
18184030
16466987
93496907
87477344
39345935
23056302
31683319
22049960
81230786
51134179
66032300
30116349
73911575
96942222
66887681
59730442
20600551
11947854
83443322
27138199
77609950
82810115
93784183
63467847
66197127
55093398
33734635
65501543
13129814
22584609
56698403
41411361
78172799
41915301
45867289
98659106
98684542
10758747
54384329
61050635
84997770
54085247
26729852
75262256
34481402
92994834
45971527
75698531
13625335
35533317
97034079
21618142
74231483
82534360
71196975
56288806
94042183
18253754
52073683
48533710
28259137
83530219
31609223
86545648
82174132
35084232
92385959
78274179
18267535
96939055
70737021
70684374
28485218
52744250
57962507
45465749
58158004
50122890
48177271
44318826
76039043
92617657
46658836
12021567
62666713
28836209
35480201
19603746
84877703
24209563
42860448
91143106
30396161
91665583
90754093
38501142
86581589
49726506
78430360
36076573
76865481
42518942
86785216
55427089
33685347
50170928
35316179
43907626
79410795
88129455
27222842
21954902
73196211
81125924
64121512
82615860
90774614
42575446
80884739
77179387
96933820
57478651
72498916
97808467
70562031
19930659
16904506
45380048
15239438
88159813
66950669
64270604
99009381
52127584
36203103
42833389
61153630
89544881
81723837
58766603
19581137
88570394
18058285
51943569
78424362
30194457
76270818
25798666
44137932
38406893
88540664
54132833
72698201
12242199
78940876
11311408
56198175
93153920
67305976
19978423
37720994
12005689
83913322
70743400
52429506
23614044
49602719
20255518
44068745
12129682
57798657
99637486
10400787
14172207
61313883
67234198
53679898
75247607
77175541
79061907
81632670
73281796
23329617
18840910
54343341
58633151
56048256
66463862
53484116
26711307
21450657
24832489
73160866
52750850
44769911
62715723
21330773
11681367
46341030
22097849
56454180
88949723
82303242
74780184
16222248
37291803
97188661
10380039
56005608
57045507
64097523
63307135
18934636
77434202
85816904
82287084
12266177
98153603
80969413
60236022
44651009
78575392
65970024
72777786
68436430
53552585
90304521
84063571
58867829
18811847
35890819
53772324
78990447
98674412
23382028
92191173
50145795
94215334
19135623
41349385
75309470
86950574
69091494
29648073
95396712
54128402
52076298
95782017
66323945
84946592
37374394
63612549
52156744
75181817
43247838
97761921
83714803
48341028
13111022
15329879
86592959
98645629
18220339
57057211
34945360
64203548
79842700
20580154
68339001
80123244
38335492
34919131
12607178
62004676
86751167
56326478
95221361
34085882
27893602
82489542
29634444
14994130
97964731
15354605
13687135
70555649
93333374
65340681
27595169
56919260
44928426
57311153
62237474
79815819
78227083
15742566
60730978
99724120
91204238
22567043
49779851
66174076
48430158
89717193
22586126
39038578
39685473
34661031
29303602
30630985
58195373
72720653
51556340
72955591
80095844
63406302
84700440
75389738
44562206
85236228
58573065
53906705
83275677
19069192
36992474
74249839
66485459
94203468
25144461
68621277
81878985
31243607
15721941
35449227
32711985
17317049
65671302
67597428
99227514
45291171
18710681
81797812
94336679
22090322
91557325
62146177
11761723
14239254
90860136
21213383
14461392
25436030
92925468
93322468
97844552
73786146
97151748
42072189
10048922
52978957
82332877
81832443
29639758
62739909
77068018
75188902
57313796
72583671
90856735
49284572
80395181
48579780
17025975
70626285
69978077
36173346
18682609
55846678
56461753
26990960
81755549
10979481
76772363
84881435
53844357
25393525
51893492
96392678
38699374
68023361
55321305
66530238
24603837
59799254
73438920
77467447
15421235
30727622
35080958
56108385
64544236
17307271
75098118
74171886
86542773
90084119
59805818
96329372
11276972
28364966
58583351
44258649
62851049
60975385
45169767
91695612
10076643
59706954
54095844
90757378
43709430
32269221
83570261
69222793
79120965
45355517
72791041
99121392
77032952
65015621
35387872
54877419
64561097
32778161
28668645
98382883
64641662
44564649
72295944
79257978
49189251
22993497
46950254
73191532
76010531
76064357
14248246
33562769
12291683
32443066
38309858
83792959
21062395
97474048
37569376
43574348
72474738
32226091
82402101
82874865
93877845
48617137
64341829
10407114
53219987
87944278
41314369
45979769
36843128
55535650
39709869
62872811
88803012
95759860
69393676
80479922
71376616
88380721
99951787
63788050
88328796
94462869
75436040
81429783
43738271
96464425
34062813
51759587
53096268
55299285
19818316
76186502
85291734
78573965
14141224
55804422
64754983
75316573
12895870
94681404
76519501
54591358
44227938
52414077
16500238
69915497
99148768
84445754
88907407
13290137
51036514
51980514
34040414
35678984
66809904
18082743
35172199
73852479
12343347
51993065
78198911
24593915
89722964
85286608
27028510
19199358
40137091
62140996
88149674
58124143
28848852
95076892
55619054
22745838
98121027
76035778
76612905
76171448
21226008
81325680
59536323
53738484
31775718
20691977
83603866
86828440
11587245
31515030
91777147
27124347
95586335
70837211
81624237
42360183
48233600
47619733
29318183
85958074
85649830
86304339
62141098
72719776
52647150
84368071
10455154
94167027
59610279
22426186
42221358
78337023
18426459
40315665
35090607
16473985
69730789
55191886
56234418
23514000
65698603
53819652
34149772
58020407
38222050
30887084
65223676
74985324
35618641
85337170
54802081
81763665
95891138
61408774
99644934
61675550
18437758
36771542
23336127
65064949
56660733
83386170
27160017
74401342
41707327
74597784
64581770
18415227
23211829
73431778
89267194
17248058
85746895
40772957
57496721
15817635
57052067
67766013
24803543
72654641
80856118
11415277
42510658
19899390
45156203
51291050
28208055
12458550
64289798
61726031
71007264
87997870
33099867
93208683
98030630
16393997
32906775
47366923
44730792
53813930
18476771
79986215
41357548
61660112
22286967
81311486
15328244
90251195
89431704
57630714
30265275
62775391
98042072
53491017
88027097
60720689
48335829
45032404
19992317
53362882
69138012
73817976
91437946
48189496
95276461
60254403
17114412
31504968
73745022
94155480
68271998
54964824
13499500
49452678
56725114
38215741
24983311
22264409
58942447
32843167
45242169
79170381
16817982
45067129
20201164
90292766
49993537
27651133
98242741
73320250
52932055
40652436
25615881
88834776
59099152
45499587
53483834
52989986
86802034
41233065
96614390
33390606
98287462
37621349
16347932
47917771
47402946
88033428
51604955
77815638
26213108
42535608
84048873
93264299
41426887
38480820
16251997
38026009
20299093
18303475
35471402
55172782
24504714
69023401
94140345
26638034
98161872
91750194
87138082
80436080
88023004
78387862
60229894
93804367
12302613
30405294
33706891
24771071
18335772
20688992
28797301
23523950
78639868
90865669
19751646
57336986
80694896
49246060
31546386
63440353
20982731
30951416
92768265
33056372
84682760
56027108
45607681
99734762
57286382
54166439
39761592
18808305
88285535
50717426
70926915
95922975
16665687
58425614
90350310
29486459
22656259
14316785
63025446
36463421
53516204
70600683
70390621
79640107
94123654
50961533
52058745
25721326
37431205
33433166
44165702
22725162
72896245
64994339
24633759
76407752
83472080
10866023
41538543
36205090
41198081
97002391
99798659
27762168
98659269
85280596
18316644
89548642
69961474
31428970
41486031
53175140
87921848
51079404
77200357
42898227
27795175
51959931
65223635
65927810
17593015
63953630
10016041
44715907
95517845
15162423
30579007
50297880
44077312
85151114
76570133
87766523
91255764
30663128
84268446
45437279
36714779
73834597
71653598
87859718
71525047
55888276
12009583
12678184
55796078
58857032
52007469
59349115
44329665
58669779
76826981
89691441
66601996
66146566
46487066
58116569
25816519
99881861
68602509
63637585
66068111
17208615
70660473
54370771
41660792
87722052
73365738
26116727
76250293
25773784
41684638
68027499
37721287
70434515
94819076
22946768
84246352
84345598
68726374
89689650
20971398
24752133
13085858
37824545
86576451
54481829
98018323
94349424
83409976
24489586
44291088
53157898
63423042
44059845
86670986
48649580
58866005
59601730
88823129
65498818
26235412
73468546
99260944
53810082
89710339
99954017
20402188
32354527
46384084
82202085
79571852
49018251
52181469
77989577
97102842
41358989
73351979
94737830
68282312
48411226
48236848
65849661
49050486
91656275
85950999
94403427
51392688
37232955
72419896
42288137
61910803
78393684
17261351
53593831
39971344
34749077
50360807
11642821
49405289
12780681
65988412
96130022
64346969
67496006
25358238
91348369
57993680
27991689
78162122
26612413
14458076
41785067
62292594
98548184
86290467
83575874
31900820
21890228
95733133
69470999
29063272
63552911
52166398
77300543
75925746
80947261
52002200
85410744
88723956
18264192
64835426
77912590
14210740
97048687
79045303
17117965
41060945
57059465
96899496
21144738
35378846
74657011
45302262
24235970
97662264
44786684
84002794
12452667
67156460
64087238
61174993
82467622
65046214
77401854
79153304
43340025
85090999
89157503
86286393
86524641
90287541
77777868
99079427
96436724
45666609
27270124
33698684
59530505
21248384
23151544
54455933
61238064
28179279
42339428
73468496
33226974
98832657
20597055
76569983
21104703
50482232
11435042
45120502
14699507
37239743
23554313
28354757
75457184
72365870
72266882
52169323
37238768
93672059
33579655
94103176
57209985
35026567
79124787
96619427
98980239
23871247
21220665
92507595
99665053
53198613
40080705
64102836
69416346
38438369
39233244
35151285
90460513
66184216
63685067
95568867
27421129
22767463
41619425
23926988
22273883
76433030
31709261
67093407
49300724
91087063
82235793
70051301
11875435
16380838
33647149
20875655
87471793
39781693
47527984
88682235
47379061
71245822
23144666
88172166
46204801
89572102
43760229
88048924
57109216
27675134
41089051
75697669
47540670
38283865
65498373
87319722
80836715
46557097
79724987
53732735
19253502
93916703
32370266
78004748
85289110
32911389
35049748
94327065
84670652
55330938
25891042
66069493
64049508
30643153
92928724
32256227
77295123
59601030
50773896
69177250
67149082
94889303
21531193
87412632
64832384
29781914
85162095
12600986
20866302
61776153
12036180
22559194
33628963
30951814
41117735
60906350
11675288
55769884
27153353
91029241
56178302
27305941
37275765
16473464
83292019
85936962
85432461
51176235
47526324
14528906
65198479
73924253
28887516
11431681
72182610
29514315
47869284
51246941
91031053
86869666
58752303
18312635
44664682
56038427
46198201
92093567
89519060
98166967
52149456
20872539
90325147
46150562
77539247
63594359
57768803
35746057
72257938
77161609
58159461
46384317
64308738
28585611
54600722
15194344
55993705
22532419
63299722
32587668
56450678
19377083
79339136
88813581
51455189
13816055
55367601
18217044
23494837
73861295
60448386
75458349
53929715
45414071
93530294
65069267
49747176
84888319
45920844
62938700
86107831
48251755
70727127
51083461
95223179
68737052
84844929
88279568
25220492
19956960
81638486
54589386
81382574
10927904
52123445
40469340
49075822
94632989
82806333
22608897
59689612
51880593
84932323
28804598
41559670
86844388
52074150
41583677
32658501
94733064
71042137
27142157
43916640
86305393
76302751
39062489
79142974
56942516
75741814
66351739
21246794
56748219
28074473
16802429
81327967
76482467
30865001
64373636
50329586
47286066
19337911
98357466
69500239
11898744
45288696
15648406
43628668
93063553
21512938
68988906
65786170
10881715
28694025
61511593
36397643
14094043
80512947
66900235
81648878
71094602
26662878
66271137
23112431
30263953
61467651
63178673
87986716
40057775
74117762
11053481
63616069
75615878
94258738
88707166
74689738
71645294
37585545
66179949
35700448
26316517
36188389
69960130
59836512
10576229
57906421
31095607
46814283
87231566
57836614
45797716
20294366
77812483
81284974
19250485
37179342
22928529
99496655
52104073
72406049
22603784
48984328
64736054
57109033
50166382
90212606
87869338
78270365
80998345
69585026
24407661
31236565
69216347
71193375
17980226
89777186
22639851
95072515
82882476
88216007
42055357
39217800
42044285
27529752
74410275
38638685
66356906
67543342
62739500
84858709
14733258
58610373
96234491
34451788
65322173
77925044
46770226
32634346
11802371
77639311
58192309
64632992
81002037
69766030
59842319
82339486
86204300
69731915
29646057
42263470
82147603
92092395
78659178
86148075
19885104
92502319
94535777
84027684
20073699
97585577
59284363
82564441
31647643
74933249
72250338
78540725
18488986
88080705
20565551
55017106
19030466
93543255
93184554
57544531
32101316
43147687
65510713
96830388
23856907
56462042
46510559
23566338
96371484
48983907
99416834
19547834
58011562
39858221
24693191
68404928
66358729
82047203
24982425
85658808
20428475
40492763
86995657
29128453
17897319
17191328
58202064
53295324
55750247
32434714
50056367
71614596
44794816
54337116
48966775
92114220
86910509
82478730
46882021
38680424
39160293
20143781
88019658
95704858
76164853
81571511
72110745
54796882
46310866
80331631
51561521
77102736
41019278
21886102
50096758
12714588
10024898
69904047
49889270
34217474
33611828
93209172
58411163
94030919
11585442
37454398
57369353
29517878
83207981
22650210
11839386
25255832
89625445
28515129
11466611
88606977
72836589
36206233
40812867
36812039
85652299
71629887
43375256
15581198
66829006
70162798
86752989
92937023
32094384
61283572
44046551
85263803
64508908
96293659
63088236
51936239
60450399
64762666
12052472
93178876
72767211
19023210
41931478
36104993
40980683
33322596
44730953
45005583
43587857
64653228
97084867
57952236
29315202
94572473
24209104
31026163
93680270
67070931
37017250
34122168
22214762
33082794
80014649
55936009
71725644
39407490
77695407
52819184
11013570
53326604
16814877
84308182
50265648
41563601
48972462
84091970
89370980
27524423
36342462
66139198
19341528
91646086
71806766
20259290
39011203
55492756
89906119
40827978
23847132
93452124
37169706
26411372
35414462
89163917
49118050
76442638
85607360
50402654
51981733
77805894
23454433
76793810
32854675
93809340
81826702
71854046
81161215
95513684
73480110
31439615
35240010
87448682
44094296
84834815
90510062
35626287
16467364
98039398
47316379
86384671
36388481
77134187
86731022
23882712
17315464
93381611
38446727
87994391
23533806
22309617
47724927
99943853
54339146
42902617
81611107
17982311
34958301
92513725
67682477
78778012
14240447
54110936
39360414
55626854
85076139
20252044
56354970
71901165
28541027
66853246
53360415
23422559
53170241
35618271
68828771
72790268
21288924
19643846
20258058
61406413
40068435
16292153
80194561
10542580
77124921
40144843
94062714
90410271
72683933
96110175
84503172
56064692
15785738
12927686
38190836
94088998
42430359
78017367
11686771
45373554
24453156
84888381
80052448
26985086
19993449
34091649
43649965
88977087
59672985
55914219
51772197
97823873
59479648
93376736
66010682
37332563
95694861
58678484
79027834
34316307
97505610
94692589
21554848
51073553
94914822
83039047
10379619
85190515
73549436
63334458
38921413
37091499
46148937
47904870
63212458
58859758
25973626
87960803
96724358
40370815
59880547
45782507
85517899
93313711
50498818
39035341
35235907
62865350
50950973
83089202
69533153
42166908
73227838
84838923
79668718
15869378
70814114
54839127
18900229
68360092
71158085
95578385
34866872
60228502
30497334
21328186
41807185
28374756
84493770
71307902
54630450
85645850
33567692
76109958
28690910
52193668
65395538
90042201
52739344
68261155
95009451
78343663
50316937
49803461
34540020
37163732
86319336
83117503
31758282
24232821
17615793
72878794
81029913
61443339
90037744
34857848
77407763
38135969
19409910
14708177
60323645
46945091
71472322
45260430
35998405
15262716
32194033
55941420
99426477
37801279
29243016
62009406
98912037
16055643
85438149
37666338
73018774
13598337
67274369
45894963
98931034
32257435
65989990
83046851
15979841
84577876
52554946
66494934
79352525
29246566
64155993
32906929
80102828
12589065
38448139
66475797
19513980
53155332
79451631
12669592
20503442
51659162
27770324
27047094
93034280
96125086
29987419
91808653
52861443
78074597
74844452
49011628
84419798
76769516
49511244
31589509
62578247
47101721
12842887
99546624
69162908
27635610
99282647
71826476
35710338
16897386
67524199
30770448
76006906
28243698
77637254
77452832
68500320
51068236
18374723
82852939
49689241
73209250
98980257
73633969
90273369
35487925
17878647
43953010
30422010
47763490
42884845
15228894
29322616
77133784
90765395
64365542
94745319
46320259
50125719
81192098
22632539
33171464
11271897
22956131
33283100
48129310
37233083
94699400
65605035
93707208
22929319
10725810
37185834
41167919
76726313
91235217
97111109
98372673
52489319
19957084
90492475
24693878
65145661
42627034
78687373
94710190
41287289
18633630
99944641
52727991
44140720
50239312
78895059
91170154
77163067
95163301
18253369
94439796
99340114
42175856
97340562
96187698
36517442
55669458
34875830
96620844
73711207
93345312
96667639
88612901
72328645
72386922
44594314
23083185
21354057
28435998
89949592
30319620
66167530
49526854
53555356
29901207
22953003
69603756
92922547
53733274
11785993
53330566
52144070
90758231
64741901
38339759
55367802
35472618
37240697
92558222
85539943
99239992
40096414
85317421
53509395
92596076
96898359
38185631
60303253
35851801
61802019
25649537
33610733
72799114
49223641
46911394
26517245
72321591
83262143
22241832
49508053
23587243
40873703
67766150
46959237
64197638
63292609
80667820
89012702
94582876
64548239
91458530
11808789
90802252
32836355
60788179
23508563
56560818
19683556
73711891
60090848
95575992
29926560
18805455
19744960
26938757
87328912
56002275
23481083
46954768
15652056
11790661
43582678
58102942
63374794
57667589
91995318
19100502
57832721
29862644
45915884
87831225
80594064
76703016
50596180
66155321
23818123
90349130
36338621
89756232
33023338
68914621
93912032
42033196
32822970
64736493
96606967
66847375
68685132
90476390
70240772
45264095
79624012
43704491
62798959
77844717
27115461
90598137
20760147
79209346
90029936
29831919
28614845
25380451
22479005
75617258
19295281
28679784
12398389
75072644
20616078
66298319
46301988
71561141
83931144
64075186
82684257
23497621
27482558
35313047
96936603
96268991
10895480
93783206
69352578
32974674
21261438
86857717
33371567
71555601
84611863
34517375
25899056
82951722
31895325
70134580
95308340
34134164
19860025
26182954
31889103
87556113
98319681
26735601
28618347
39776595
92692395
50120452
74105036
24179259
81450156
82895194
59524158
52056252
15748081
80613660
73779549
90996702
56640889
61071858
59242369
77946207
71085581
37433079
99936580
10457972
30052957
98403531
14283057
50559277
85846841
49221574
10988426
41623016
44832841
68374966
55360441
92147249
75480645
11789729
92817987
69652325
60011554
46795130
99350347
69142415
27448916
72264244
12322546
57859176
37930352
92033030
66309000
41563307
50196255
64076976
93049745
10527915
22014664
21478104
95272706
23060224
94480089
42468246
98837273
19547101
45614135
71221899
73095254
35461757
60338752
95296428
17288217
81011485
45616217
19303618
58275289
71079806
49231834
77174828
43147868
93151713
14306486
24655426
60164301
80168025
97766061
91529147
51335530
47553949
61925809
18979286
60611174
77336239
66397732
75834478
91280135
86042413
83012415
42912065
92228067
60192121
81158601
55496313
92733153
25606349
19107505
19480653
50104951
60532084
13804638
65276157
57001359
41222693
17413977
22122388
44194245
61458656
89983110
91082009
88805604
45267780
66182192
41635460
12074511
91193476
69948042
71465151
30028622
91149149
39657300
33287458
29429475
41915513
55095007
24528215
72111391
19738821
95940982
43340674
49630818
83803616
28699771
64709933
29838255
96394929
88070582
87041765
40061709
85708363
37421636
74687783
95603744
80365455
42962034
43590210
82085063
10833986
17823375
24889813
88245423
95165888
34362060
94568070
80852357
14329416
27379259
45202524
30761669
39851618
59716986
99313082
55084081
67452777
96906345
31732857
87487198
25663417
21347734
37761697
39809128
84325237
15797050
30056003
45145414
40322549
44357085
35375349
59143480
28224075
66976788
58589419
28953181
60149617
32641515
53108782
22214625
25047952
69931229
82462332
65147987
57626863
10579712
34273085
52570900
31422070
86926526
47059869
80782187
93838814
74013885
60041418
93802038
67912952
13908448
62651212
68635835
71515030
44396027
24295325
74530842
12370098
27292706
43105258
73387043
47978927
40852817
83595691
45381792
77796243
70032113
77228241
56168504
17539132
85310924
23607172
28511069
20717740
15137754
24946262
63299791
14970806
16871482
36174407
28904090
24368341
91954948
57219879
51264309
38844457
51159993
51128994
91424460
42672015
86655452
41401709
83439512
58938587
92786458
10641548
13503081
40359861
51930148
79949629
41032133
62151693
73028637
78740228
61485995
39443260
13129647
94108372
97186160
84679097
41391672
78058711
27147851
61757986
26783194
20808044
56097106
76997841
78696920
67164230
66159302
50601781
78981538
56220014
91629832
16654207
76526632
44300187
76306421
29475184
80392038
15227981
50720643
37798092
96814445
44197131
63528415
66092398
34421644
43265477
18908325
25187957
90496284
67753175
31764667
62520988
29427941
84350510
55786699
52672168
96913456
79529221
88502747
48334074
17302122
70633673
89080586
46449732
35628786
52437787
65237609
53339352
11445120
95540083
26901875
18214044
53240753
36256354
33520427
30750490
73729459
18639600
78526801
27797684
12955657
81174307
20888768
37513204
20200955
21367329
59540583
59334146
99702686
92826861
97976801
87794863
32716621
86888628
74710317
65739871
68562252
25230371
66561249
58148031
37744988
60542000
64575185
86259909
36487955
57729976
22386299
59431446
82240782
91211321
31563795
36858259
45804565
14594864
81408592
11657576
31127290
63121571
24670485
20353505
38994414
51999191
58619912
28996894
10991066
36860415
46720867
11457299
65279672
79413008
59138775
88961578
74807823
99017520
77823875
60407561
42652748
85624218
83587163
77533618
76515528
21760685
78274186
19983695
11039954
27676198
90360665
46645968
83187210
12704710
59438101
54367735
28689478
87304161
66597585
50909821
76620657
77095124
23800893
64868966
94270332
96146818
71885795
61444396
79850005
94178628
17172162
18521315
67254033
29983782
97739468
71905389
25555202
58151646
47458056
97628545
12641111
25846347
24662128
20803711
83229673
47766119
84391480
37192812
78568428
24425470
50972018
86868292
41064938
57560547
77061000
35764352
34542712
65926374
20752302
64925175
36153573
37412137
84372691
18177150
90101654
75584356
56396703
24808771
22320986
44445523
12741787
77287113
16278491
49013052
92422640
29233280
53822895
56474400
48620360
37153408
91519374
32984574
97404881
72709346
69260958
33661630
74927968
55971771
30663915
11005761
84463026
20795318
46833138
82657410
19652173
36555996
68226793
45468293
89661220
43558088
60265754
98856706
27221825
65647842
16134527
62880748
28233935
95328038
99261621
31983328
94076073
10886756
99595862
83353387
26343688
97147075
88015790
73560423
46755734
78937647
47206788
41946389
56647426
16551250
15060669
11386830
88468482
10377145
55237677
14835785
83101601
74873686
70189123
95804630
86176269
94064834
29032566
85697196
39712864
31128448
47094821
66592485
92536114
87930410
37965349
78010519
82883033
38642367
73116965
91763080
41227047
45075746
60583003
92545651
49366498
39309692
19143432
42307451
67154712
84029709
73904989
52708948
33962010
52802852
48952971
97193345
37885590
83427882
26056166
85062199
39850453
92473048
32079925
66114017
25791117
50849160
56998424
43179581
26972585
49906838
53514147
31936258
71443149
82861891
61234022
28636125
10228362
90964563
35998292
43495276
55838749
46255318
45483041
87008936
82292086
10026301
69082876
87241837
39965832
52905492
23498258
29850611
64034055
81691566
39182799
96351272
33016017
90459077
85930460
16317337
50500343
76921913
48786488
47060745
39870956
75060852
31989106
62798372
46530761
88892911
87587072
55155021
74694075
59233357
86999232
37755284
84571658
47182757
34223880
33281475
81787462
19107549
21020523
15334807
81843984
75739825
90422539
72634636
59538434
47232595
27200278
84381010
48877628
81077677
85943775
62411611
21511436
69790786
73040537
27504918
94907065
76964786
15201586
51033526
15577196
77614684
73240650
28393259
27911612
77031070
75256654
91811890
19229397
24496696
25908405
35010184
17914436
41909838
58495447
38099386
90709601
99582988
32953445
92093976
69665624
68262628
85821065
25539015
40231766
25212658
45318555
14680950
91136206
32379777
83260668
73545385
64349541
75479699
94158385
73944448
10130443
13269602
69584316
43559655
33193031
38648516
64066696
50334486
45824360
55670341
68946995
99529632
70235666
59491230
78786095
17256641
76613825
22432075
37907153
74793470
30602282
63262539
40760840
59565691
98532032
87498100
26726442
96760409
74258898
99826928
22308586
76733649
48518872
83481318
29167794
94984112
94402411
39568989
22507643
85225060
40536682
42479102
12646645
45425803
81975188
95855963
10833705
25367609
11880701
52642745
14962829
96660989
54820625
92648244
98905554
78069804
30035647
90878972
13120513
55935028
90276251
94835724
46426196
38276163
32782516
56701973
93009918
12060490
21863526
18371493
73424730
84805150
29959059
64038809
17859355
35324897
93648708
84357887
41044967
28532302
91851577
28039358
51569798
72350803
93522159
95961371
74496953
70920298
83789442
48011864
42172980
58157703
68050365
11519863
53395385
30949290
40034112
36408732
60417873
90071188
43778509
69400976
37950762
19151638
90777135
13092962
41147144
49599236
82430919
44664616
89481705
92036169
36762676
85980131
51846970
38607508
88351390
96372864
70892463
96618271
86683515
88692035
39085682
15402191
87549982
92634316
86030027
14693867
11485415
82498105
13329406
44512545
76972936
22232940
31096555
32344059
75560712
18829230
43470217
86628453
48211667
44455026
48302045
50419230
94914795
95349272
24552758
63965541
10507042
66456981
24020744
50488462
24445493
23873825
65359671
72428974
43374993
43231517
77143836
70094602
36360908
71740505
79808754
33912116
49503521
92334509
99499441
30727906
64871218
95525396
14598017
77019705
62015052
95217384
70851055
89603105
93488554
96423213
33271206
11523869
89221615
74173621
99649375
96256726
42681321
90318091
24935580
25980066
96213902
13743582
29107095
38341058
55581489
92326936
18810871
34488191
21653239
87937989
76910585
22073390
89323229
70245769
73392107
18158618
80652661
36595311
62149564
29878862
53986508
78613258
82495380
12066068
52205784
86939864
36671768
13313665
34116062
12081105
84320180
60752548
96665792
84184746
81846699
65016767
29124239
59439256
39285825
54695430
81126639
13389768
85138087
17141748
16709188
59251927
91141497
80961528
56546736
43980453
64555020
32564559
73892393
67455080
95565177
10385722
53553748
13160023
65644786
62582040
98138038
18976055
30835672
26736961
55071104
35951535
80232094
79404053
79112759
43217413
33304821
89378969
95952047
97536605
57944003
18738738
62479244
61741499
79905346
31282655
89183149
40050217
52753802
24921585
24070348
77206336
84732116
18261135
98220238
69753049
55711856
48973886
67264290
86710105
94540589
77411856
58846838
91107639
14387015
99785246
84845434
52024769
42010295
58741625
36272505
33287822
19967688
93267799
44014890
37937152
73280622
51435496
51624341
99981546
66178880
67613511
51997984
65267659
22999188
81537420
99284918
93184055
72391094
38037374
48175763
69048534
71797188
58484069
44441262
58466694
79127337
15049726
74438594
52487836
21702324
88947464
31469691
52557896
73174996
20739964
94132794
90693526
83890162
19348825
39179013
41042065
87576299
36128285
72407438
61692290
48613801
54294607
91077598
66326358
50018397
23078201
65668254
71543069
67603163
70694324
28062850
80088849
79112219
48771410
67070697
40253733
97687650
98232087
66869525
34544171
35021887
35411422
51610216
88130688
91293190
19079851
89730340
28295750
74427026
80659070
59066334
32176764
77942395
94206682
58195512
68016181
58969656
29162514
61895684
45931903
46717608
86794709
11708755
18158394
46078238
34169740
91047198
49168137
96889729
94958361
22897440
65443685
75760011
90679896
72878250
29338353
41572925
95692871
61322147
77878507
74484707
32978242
37438112
17300799
95465279
98982503
96194614
16771413
60640408
27415636
17621323
49708626
30254110
18788034
27476126
36356506
36379371
29744947
74810114
32428653
33822456
13653127
60768945
17274037
19558093
60499205
38477983
53951470
56295327
45737560
66398827
71902258
64201619
69514666
63421554
17015073
95794268
64343038
63742056
40535571
65523423
18754204
74267446
97479469
38350258
51077259
50477881
27808487
32322808
71104783
88079958
79526837
70228071
36617423
31726377
49287077
89453716
35731058
52994126
90583609
55492311
51738590
77041204
13080061
41136556
49365836
64149331
74504423
25998825
55819705
73039094
24901255
99014182
57619448
17298758
16685680
59309670
43530497
98166777
35532700
61261015
57012605
91679051
45033678
71650896
76699166
74215251
16927869
50594041
91452185
20077297
13246045
72462474
29996865
37264902
89467564
99181377
45379192
19341635
74111611
95371382
13041884
50328570
59498925
36564455
26968466
83187635
80461004
72690402
73563135
39670982
18004639
54509748
82957602
39211429
71318311
71912708
57627489
35763652
73460677
93742540
80132991
76430497
52263033
70991989
20491379
49559621
79651855
21506865
79948531
81283631
91742506
21444179
46712513
16174822
76431571
47419443
80716661
24297084
42569774
57743719
92086211
46000466
63778733
60420143
21778890
85897873
46344298
66650178
77219065
49717076
13679399
41843780
31538462
27962211
64033759
76786517
54359181
23924507
90228360
36958659
99231977
38385897
30597736
11677791
66031634
32372469
82974481
19199725
98801451
18923483
92813435
77328949
79178950
28704660
13108156
78159798
80005551
49297267
48477178
70817490
44911564
35801213
35531909
49190345
25895983
91719571
66563687
24606342
13404882
71661314
89384049
31352858
92779276
77176134
14193540
58166559
37081470
40443509
98630661
39292488
19227867
43998060
76819203
87735305
83679926
24415228
29361736
23681073
35740811
90919309
61773570
38506191
48956805
29672726
11931967
35720101
72306661
66948628
22128014
57165265
18572287
50653433
83758333
52402902
79786054
15673246
97054885
83050193
17897149
23728705
76291636
19945956
82137490
69231279
56172757
37776366
68717892
15154570
91530158
22954732
89361278
66470332
60032643
17916268
52566280
35393145
19807992
62264745
64828243
41629546
17522803
99845576
47749426
50957179
44759840
72609838
23323944
69755714
10157710
74543996
28731740
98024970
10024872
30755241
31451644
71539484
72571065
93584978
51407337
59212751
85568286
86027603
51235639
62970634
23591724
25016274
30042981
51868733
45447475
16242356
75897916
77083429
12579771
54168012
13688596
63953879
69188064
32150447
63892672
68537693
27715271
68401699
88287639
12810103
37891900
50494262
63938080
74521347
65892458
82114282
48142297
92900215
47013686
98142734
45447204
18228362
28836280
30642472
85824719
23098866
26669782
73732622
88023998
42712649
81709823
97044499
88816439
54246793
89202305
59922143
41245386
10589238
29624840
56904408
74147163
77129499
27772468
17493564
28300877
52466476
54923989
32510289
55579853
96125322
75496902
61112755
30453304
10574374
35238371
79782220
49969066
40201469
34485800
79098083
56792228
84197249
38156391
37174859
89715033
66568600
80904741
62470971
69654037
52870461
56694418
61498430
50637003
18690885
33900708
59897409
57701689
21272764
44426063
29388346
44717934
77743587
22921416
27789352
71893505
40693889
55950213
14283755
79071039
53100859
75824823
67630627
47877618
44794952
74159542
38332654
75088616
57890272
44267849
80415318
23198870
13138106
89861145
52622298
23254361
65679520
26048711
68309015
89274967
93058091
46753177
95366547
18219652
75610145
66129487
90759207
40041409
40388583
38959494
39631902
58755876
21869328
54020590
89351360
81319285
22463258
74212585
10682846
34393227
86151141
88993107
58131118
60225789
71286332
40494035
67937692
49716642
56444350
52864899
92595022
38937523
24530708
56121165
20279657
67039497
24185193
96587711
21989359
84169342
87346936
44738801
73092408
88985488
32915906
65345723
75498859
17945734
23573639
17355983
76720434
82544320
71770792
93239250
10714123
44123753
93359482
20188991
55954395
41408330
63634652
24698716
37280207
44372038
89122338
35319420
59516890
92479433
57812633
67993411
27218121
75126621
66697399
71331844
43778692
42594523
86441572
91279947
71669091
89604926
46116447
95223798
22437546
70987795
17917647
82828067
12058381
99634151
85556435
21907158
52229685
90546868
99375078
12024296
60480446
90353414
60791616
38103694
39655798
68990328
23660879
30869420
15099481
46404126
99932866
29532558
90965440
12431947
87461185
72697526
38105340
96240511
33008399
50598123
40604645
60427940
78934678
15735490
30627989
97979907
97195268
16133125
98091848
12206770
48332530
16834872
61719753
69061496
98240601
40521867
79686914
99915401
59386933
42388713
31585698
43579628
59464628
58621101
13475561
25503101
72175131
72672500
13893267
82927119
90412598
47506985
87784826
87775501
81749050
50361457
73012921
78906368
57715725
89666855
37412992
46881209
14298272
63306184
95810576
62575819
82249129
99283923
50559224
19364112
11496565
42796711
37729867
69629926
50162610
93024651
37670531
41308538
41760854
80330696
76939250
67195068
23163568
93240049
15110113
48466290
68640905
79402947
19971271
64859241
18837543
42695719
81058757
16895549
27946068
70934663
27808762
60427490
90391313
89912200
45399379
75276877
72942872
89266087
16203161
80881302
15070223
45264973
17038843
17566671
12692632
71998268
13125965
44543071
84121312
47543029
15642166
14536987
16284676
76264196
62383864
53196566
69801084
71499616
64906838
61460544
95928721
61343836
53309344
68800424
22913787
34050871
73626204
54956770
12232475
76625998
10299923
53307523
70039889
10266992
43848245
60474313
16373499
36798802
32172970
11392216
61792779
37652249
15302646
59053727
16377156
92244373
21661959
62431577
61824273
24200590
87376286
57384112
81217410
70540086
93378264
97733883
37449955
33693373
93306712
52718504
54360708
32069907
57844405
50320094
24797801
47141560
64356184
93339503
94254145
55612730
47492543
34609270
15562084
10116219
79550834
76559706
86079969
85441814
12279124
71357563
87507538
35934793
74577480
40169262
88302923
57735934
89772271
15150422
65289324
40733940
40572560
45773851
29409942
23175055
34298513
56997834
19294266
70845368
62732706
83281485
49638258
68990201
10229557
19958616
67761275
27579319
66095130
79511211
23409435
78260842
10541262
48137649
97037196
13097260
81823594
46990175
60999429
18368616
60403942
58713159
21109605
65015612
89006800
25753929
94821881
16658170
45448745
54914920
78689514
93729737
92889692
27107514
47266374
99741033
30932572
29766393
88623273
62128916
42882777
62812472
58769671
29444223
30237982
93448751
36011673
81857024
10218378
21492023
53877346
90404681
30674217
63758161
73994845
93963986
39754606
17259744
80666309
87437071
77811447
63850240
20030323
92289661
99879373
99146537
62040948
48143871
23760717
34243129
69276588
76981738
52124618
88214225
96166008
27235583
41311952
26924838
94468712
58831969
57873813
15872265
63530871
37087153
34600335
49392786
67669621
79920456
78419871
23505768
51164805
80566160
27874411
76116400
11426754
89928703
60676681
67948688
96559869
66162865
80769494
10629471
12740002
57264167
20293099
40296505
63089797
31133207
34324453
21777288
96789315
98676416
48629357
79580629
48835091
29010181
32918710
97346504
89386162
57994443
77376470
21178735
56304960
25695047
42902317
70871388
63682999
13633778
65300847
30188393
99421320
96395802
69012380
74976595
54470546
48186057
31917477
90995523
92543626
40667020
55026692
97731077
46295801
31091203
25284807
97721571
71021494
91348735
32798449
12087681
74004646
95954307
94557943
90332338
31288720
97849131
55644132
82946701
64756665
82957212
74106134
10002971
52432445
23467709
36796372
49630160
31073761
76024609
54297807
42787755
18270158
72832762
38052870
42520767
63962419
46653877
70733608
52288800
22920851
18156296
86400887
38811874
80293120
53908348
68583498
23207390
49698557
82325910
89023068
42280035
50549113
23117169
80932957
30598110
83563689
68431095
46307747
94941605
75643536
13031483
64166143
94302688
74504480
36826154
72559508
92060410
35759773
85250525
69254861
89974866
63677979
83663871
36560872
34348654
82726832
61735801
74775418
40863053
68668517
81967654
87857761
35818340
80552875
69889126
99882341
42884227
97647760
36901714
64237961
62584919
24616861
27724937
71893256
88781646
83374761
11604599
81767939
94902958
46688090
50873403
24415442
54132879
27145860
78817928
94177830
26729571
82243872
95717044
36835063
28457531
28661804
19465766
95771714
51916505
62134072
66489478
39894129
11824371
16024990
43226755
39449561
92518663
74548815
20400960
42934877
55415253
96675143
88090460
58348847
48790014
38736290
17944092
62871223
89279433
43506743
79300492
69787306
17757509
77902398
23644831
80794985
44858420
45777831
42851447
56366479
55786456
10490101
65082390
20951797
92107980
60645381
76887035
59191822
85751891
27383670
26170433
17052384
38529865
38801974
88581349
91057823
77838651
69655462
37950629
60753000
19526418
81500009
61030915
45440407
36718314
54579022
97683304
56042949
28223617
56260567
56450790
86900170
62460902
37654166
51252074
98514465
96377091
87071648
71827014
12522906
81698252
49164633
33730754
26124786
28412154
43981319
68501543
17959463
17662731
49537983
85856757
76710691
15244818
55751791
62571839
74761619
25598743
90330360
39990434
81361239
89945516
36149619
62475235
67322386
14726797
93258517
68056868
95592160
66657651
47333805
77481155
17515559
60618613
65698378
78449744
36407303
94633243
72485625
16603176
52484459
81835009
62224811
26868530
99091137
74982565
82371126
22041654
14432582
36491213
83761650
21426773
50882170
11522071
15509892
19532841
49072307
53725087
28683063
81949562
39654478
91165638
75237638
31073049
91129600
71475493
21076278
93422045
95108623
45331511
42160267
33799227
46747532
14023540
75851183
94050454
13259833
33188368
69180293
85060516
36928689
48972847
16238351
17329402
96702535
69178675
14520910
62617120
81651133
72896942
63614323
83617805
50051420
94235175
68956945
91741890
88024381
44635393
72303687
13484255
36242665
45134603
82218862
60669575
63728015
93681330
76941019
17052127
76520800
50535254
39377489
30808372
36537483
40943161
59606534
69455420
58712784
73554324
13928400
20865396
25071555
17793860
39456108
19578921
94640672
85787937
68355307
52877075
57025605
93645295
87817402
62222491
54753872
58067950
75934796
67378878
23184725
41214310
67181321
31047868
44728379
53229702
91682614
30240860
15785329
82252843
65017050
28682330
80815832
17630167
37235808
99782484
36761510
41068604
59660920
11789298
95593705
75537995
87735880
85804889
27078362
54957368
93914113
31927737
81095691
15443030
71245059
99717164
27376542
90380599
64878904
18527566
81413638
14543453
80963140
71403310
78607991
97437323
59983770
36276717
11342694
47140003
84406933
19798698
74300958
55519166
64095376
77629466
72944002
18428828
92431385
75602704
38788592
93895773
34383987
82058680
12408794
96785952
85542015
76053860
42754643
47034589
94685046
40943952
64283903
32555046
72104764
37751081
30710859
93650907
49083820
13984499
80986028
99289177
99345080
79157416
29557022
35793156
25921296
34366894
87691380
56890658
93355536
20733335
22269432
68294073
44062332
74652886
14625591
46851987
94456792
33453966
88892518
37336800
84639366
14566512
11107450
34266558
55347897
21388957
88847299
31709827
85501451
33349984
26743850
87729607
53798165
91697341
83062349
28002686
53389217
94541781
28609849
50168343
99825457
40546063
63355212
62719036
69068730
23672037
65359035
23630120
77209198
83082824
86413744
39597727
55182647
81300913
51526284
51393679
44291519
83858630
43013066
55389505
23843244
26002212
40114179
62274620
23797865
66293583
90535054
46347190
60663328
71978932
58491583
80313144
30313156
65708886
15781200
96014669
10737354
15712797
52432478
61155814
79209847
92232120
44502026
34158925
85316820
92187434
34244544
34187588
21732671
11317624
33733268
77185338
38770588
30121966
81380424
79065513
44483496
26644233
52231914
26791951
50550126
67404804
35514906
68713478
51708626
21146858
99166026
15958228
80866782
66750119
31383725
66676328
24679186
44134853
22339875
12371023
76930427
49367665
45370044
73347945
85353797
75452737
13868830
35893295
62569948
61066403
71314902
52935709
28417031
46387290
86599375
86997690
95160110
96783766
21647968
21904709
46460348
10177072
83948671
65354494
11179807
32263315
20513678
69594348
61387993
40521448
14567188
83668000
49394090
40079164
42130380
26271234
53241258
52538870
64397534
38058276
51875774
88451905
42822536
51458285
70207367
55198942
24724465
96899669
18916715
97455786
29326508
69330958
13450246
69608450
28940846
87631709
15338045
23066464
67580645
41697900
33145236
16816642
17385537
58293974
42421997
53668553
82144744
87974637
42058243
63899790
14578445
82694056
74311696
24783644
70834011
33497767
87428495
97095501
73488011
80646373
64747420
97508036
76554261
29305593
31214071
94396034
49129993
34301351
35283883
74757728
39495499
52500027
44344079
91458512
22789433
70058540
15910772
72837689
52326494
89259942
93870495
80185478
51493445
23117369
46880910
49392454
94319524
25417904
69497513
89652977
49790163
14970366
20690227
58645461
75908440
64526995
53167814
25144783
51562000
14286876
17783719
35140856
34441316
38014828
28528299
64724833
97936764
84602284
63625981
16607128
40085660
79714736
93735695
81840842
56147866
